11 0.269231 0.612426 0.063545 0.171598
11 0.643813 0.633136 0.050167 0.177515
11 0.496656 0.689349 0.083612 0.112426
11 0.311037 0.136095 0.046823 0.118343
11 0.122074 0.390533 0.070234 0.106509
11 0.102007 0.248521 0.050167 0.142012
11 0.060201 0.328402 0.053512 0.147929
11 0.262542 0.162722 0.083612 0.112426
11 0.137124 0.857988 0.046823 0.118343
11 0.075251 0.937870 0.063545 0.124260
11 0.033445 0.707101 0.040134 0.136095
11 0.081940 0.695266 0.076923 0.112426
11 0.066890 0.162722 0.033445 0.112426
11 0.033445 0.251479 0.060201 0.112426
11 0.408027 0.275148 0.066890 0.112426
11 0.727425 0.375740 0.043478 0.159763
11 0.727425 0.662722 0.050167 0.153846
11 0.720736 0.923077 0.050167 0.153846
11 0.588629 0.917160 0.073579 0.118343
11 0.429766 0.798817 0.096990 0.082840
11 0.372910 0.834320 0.076923 0.082840
11 0.436455 0.902367 0.070234 0.147929
11 0.242475 0.931953 0.070234 0.136095
11 0.553512 0.248521 0.036789 0.106509
11 0.588629 0.278107 0.033445 0.142012
11 0.185619 0.434911 0.050167 0.100592
11 0.102007 0.482249 0.083612 0.088757
11 0.020067 0.399408 0.033445 0.183432
11 0.658863 0.207101 0.040134 0.106509
11 0.949833 0.576923 0.073579 0.100592
11 0.886288 0.621302 0.046823 0.118343
11 0.769231 0.562130 0.046823 0.142012
11 0.712375 0.538462 0.053512 0.142012
11 0.401338 0.603550 0.073579 0.082840
11 0.372910 0.059172 0.056856 0.106509
11 0.500000 0.399408 0.063545 0.183432
11 0.324415 0.286982 0.066890 0.124260
11 0.309365 0.494083 0.096990 0.112426
11 0.302676 0.568047 0.090301 0.142012
11 0.205686 0.778107 0.076923 0.147929
11 0.115385 0.582840 0.123746 0.088757
11 0.914716 0.831361 0.096990 0.076923
11 0.802676 0.686391 0.093645 0.106509
11 0.804348 0.760355 0.063545 0.136095
11 0.693980 0.798817 0.056856 0.189349
11 0.561873 0.789941 0.040134 0.195266
11 0.505017 0.526627 0.060201 0.165680
11 0.513378 0.195266 0.070234 0.142012
