11 0.443636 0.704918 0.109091 0.076503
11 0.305455 0.756831 0.072727 0.125683
11 0.747273 0.781421 0.112727 0.087432
11 0.738182 0.937158 0.138182 0.092896
11 0.630909 0.890710 0.090909 0.065574
11 0.630909 0.770492 0.047273 0.142077
11 0.690909 0.833333 0.109091 0.071038
11 0.716364 0.387978 0.050909 0.098361
11 0.720000 0.603825 0.050909 0.114754
11 0.421818 0.357923 0.087273 0.071038
11 0.380000 0.213115 0.076364 0.065574
11 0.583636 0.133880 0.083636 0.060109
11 0.516364 0.098361 0.058182 0.109290
11 0.738182 0.125683 0.072727 0.153005
11 0.829091 0.243169 0.058182 0.103825
11 0.752727 0.234973 0.065455 0.076503
11 0.772727 0.404372 0.040000 0.087432
11 0.101818 0.576503 0.101818 0.071038
11 0.205455 0.448087 0.076364 0.065574
11 0.261818 0.390710 0.065455 0.071038
11 0.154545 0.327869 0.069091 0.076503
11 0.127273 0.155738 0.094545 0.092896
11 0.043636 0.163934 0.072727 0.120219
11 0.207273 0.163934 0.065455 0.054645
11 0.616364 0.478142 0.061818 0.092896
11 0.529091 0.322404 0.054545 0.098361
11 0.620000 0.385246 0.047273 0.081967
11 0.590909 0.281421 0.061818 0.071038
11 0.570909 0.234973 0.065455 0.076503
11 0.452727 0.166667 0.083636 0.071038
11 0.374545 0.464481 0.058182 0.087432
11 0.240000 0.773224 0.043636 0.103825
11 0.114545 0.734973 0.054545 0.103825
11 0.847273 0.816940 0.043636 0.125683
11 0.874545 0.737705 0.047273 0.109290
11 0.520000 0.431694 0.072727 0.054645
11 0.480000 0.467213 0.087273 0.060109
