11 0.413043 0.235119 0.070234 0.113095
11 0.612040 0.476190 0.073579 0.154762
11 0.367893 0.735119 0.046823 0.196429
11 0.237458 0.886905 0.080268 0.226190
11 0.150502 0.875000 0.086957 0.250000
11 0.496656 0.398810 0.076923 0.142857
11 0.391304 0.502976 0.046823 0.172619
11 0.287625 0.532738 0.113712 0.065476
11 0.332776 0.446429 0.063545 0.071429
11 0.515050 0.303571 0.113712 0.059524
11 0.695652 0.741071 0.100334 0.089286
11 0.814381 0.785714 0.123746 0.095238
11 0.844482 0.431548 0.096990 0.125000
11 0.484950 0.595238 0.066890 0.095238
