11 0.369231 0.193299 0.207692 0.376289
11 0.098077 0.288660 0.173077 0.371134
11 0.400000 0.536082 0.169231 0.340206
11 0.626923 0.280928 0.200000 0.293814
11 0.821154 0.335052 0.142308 0.360825
11 0.788462 0.466495 0.161538 0.273196
11 0.548077 0.489691 0.150000 0.237113
11 0.571154 0.894330 0.250000 0.211340
11 0.225000 0.762887 0.126923 0.350515
11 0.098077 0.747423 0.126923 0.319588
11 0.257692 0.528351 0.207692 0.159794
11 0.675000 0.667526 0.119231 0.231959
11 0.567308 0.731959 0.226923 0.278351
11 0.767308 0.827320 0.165385 0.139175
