11 0.541667 0.535714 0.083333 0.071429
11 0.476667 0.428571 0.073333 0.083333
11 0.395000 0.398810 0.070000 0.059524
11 0.421667 0.458333 0.083333 0.071429
11 0.238333 0.666667 0.076667 0.059524
11 0.326667 0.633929 0.066667 0.125000
11 0.230000 0.461310 0.060000 0.089286
11 0.318333 0.276786 0.036667 0.148810
11 0.176667 0.398810 0.086667 0.071429
11 0.631667 0.264881 0.056667 0.101190
11 0.366667 0.500000 0.046667 0.119048
11 0.333333 0.836310 0.100000 0.101190
11 0.275000 0.854167 0.043333 0.136905
11 0.233333 0.782738 0.046667 0.136905
11 0.233333 0.877976 0.060000 0.065476
11 0.448333 0.729167 0.036667 0.160714
11 0.443333 0.839286 0.080000 0.083333
11 0.680000 0.607143 0.073333 0.059524
11 0.681667 0.419643 0.056667 0.125000
11 0.716667 0.261905 0.060000 0.142857
11 0.761667 0.449405 0.050000 0.125000
11 0.800000 0.398810 0.046667 0.142857
11 0.435000 0.217262 0.070000 0.065476
11 0.493333 0.309524 0.060000 0.083333
11 0.535000 0.613095 0.043333 0.119048
11 0.423333 0.636905 0.046667 0.083333
11 0.565000 0.377976 0.036667 0.172619
11 0.783333 0.083333 0.073333 0.130952
11 0.311667 0.056548 0.050000 0.101190
11 0.633333 0.848214 0.040000 0.125000
11 0.656667 0.684524 0.033333 0.107143
11 0.766667 0.812500 0.053333 0.077381
11 0.768333 0.702381 0.043333 0.154762
11 0.685000 0.851190 0.056667 0.095238
11 0.623333 0.732143 0.073333 0.095238
11 0.593333 0.848214 0.046667 0.125000
