11 0.575188 0.388889 0.067669 0.153439
11 0.453008 0.333333 0.116541 0.095238
11 0.345865 0.404762 0.060150 0.132275
11 0.357143 0.690476 0.060150 0.164021
11 0.280075 0.828042 0.063910 0.164021
11 0.353383 0.841270 0.075188 0.137566
11 0.501880 0.666667 0.063910 0.148148
11 0.424812 0.777778 0.075188 0.126984
11 0.250000 0.589947 0.071429 0.164021
11 0.263158 0.412698 0.060150 0.148148
11 0.265038 0.301587 0.093985 0.074074
11 0.500000 0.238095 0.097744 0.084656
11 0.381579 0.251323 0.086466 0.068783
11 0.569549 0.230159 0.109023 0.079365
11 0.646617 0.259259 0.105263 0.084656
11 0.578947 0.589947 0.120301 0.068783
11 0.449248 0.587302 0.063910 0.158730
11 0.421053 0.555556 0.052632 0.169312
11 0.496241 0.476190 0.105263 0.084656
11 0.607143 0.701058 0.063910 0.132275
11 0.550752 0.798942 0.063910 0.179894
11 0.674812 0.875661 0.124060 0.089947
11 0.624060 0.481481 0.090226 0.137566
