11 0.398182 0.122951 0.112727 0.136612
11 0.556364 0.226776 0.160000 0.147541
11 0.545455 0.543716 0.109091 0.224044
11 0.389091 0.713115 0.101818 0.114754
11 0.316364 0.587432 0.072727 0.180328
11 0.338182 0.439891 0.109091 0.081967
11 0.285455 0.284153 0.127273 0.163934
11 0.730909 0.303279 0.072727 0.234973
11 0.525455 0.863388 0.083636 0.273224
11 0.660000 0.622951 0.105455 0.207650
11 0.738182 0.770492 0.072727 0.218579
11 0.649091 0.426230 0.163636 0.163934
11 0.450909 0.338798 0.065455 0.240437
11 0.427273 0.543716 0.090909 0.103825
