11 0.528889 0.168889 0.124444 0.080000
11 0.380000 0.237778 0.075556 0.111111
11 0.380000 0.148889 0.057778 0.120000
11 0.586667 0.297778 0.088889 0.097778
11 0.506667 0.440000 0.124444 0.080000
11 0.435556 0.500000 0.124444 0.084444
11 0.397778 0.640000 0.066667 0.106667
11 0.640000 0.508889 0.115556 0.084444
11 0.837778 0.217778 0.128889 0.124444
11 0.708889 0.177778 0.128889 0.080000
11 0.277778 0.395556 0.111111 0.071111
11 0.206667 0.537778 0.111111 0.088889
11 0.355556 0.560000 0.080000 0.115556
11 0.166667 0.697778 0.128889 0.062222
11 0.517778 0.648889 0.066667 0.106667
11 0.446667 0.777778 0.128889 0.062222
11 0.657778 0.640000 0.097778 0.080000
11 0.426667 0.368889 0.133333 0.080000
11 0.700000 0.388889 0.075556 0.137778
11 0.855556 0.417778 0.084444 0.088889
11 0.768889 0.506667 0.071111 0.071111
11 0.837778 0.626667 0.093333 0.080000
11 0.817778 0.897778 0.088889 0.088889
11 0.675556 0.915556 0.062222 0.088889
11 0.708889 0.746667 0.102222 0.080000
11 0.575556 0.717778 0.084444 0.102222
11 0.200000 0.797778 0.097778 0.093333
11 0.126667 0.768889 0.111111 0.097778
11 0.060000 0.268889 0.093333 0.102222
11 0.128889 0.437778 0.097778 0.057778
11 0.068889 0.497778 0.120000 0.071111
11 0.057778 0.586667 0.062222 0.088889
11 0.188889 0.920000 0.102222 0.071111
11 0.317778 0.835556 0.093333 0.080000
11 0.266667 0.586667 0.071111 0.080000
11 0.057778 0.106667 0.080000 0.124444
11 0.640000 0.086667 0.080000 0.120000
11 0.195556 0.048889 0.071111 0.080000
11 0.140000 0.217778 0.075556 0.088889
11 0.237778 0.335556 0.066667 0.057778
11 0.188889 0.428889 0.075556 0.057778
11 0.720000 0.826667 0.080000 0.080000
11 0.517778 0.895556 0.111111 0.084444
11 0.297778 0.957778 0.071111 0.084444
11 0.380000 0.928889 0.093333 0.097778
