11 0.542222 0.313333 0.071111 0.111111
11 0.604444 0.382222 0.080000 0.124444
11 0.731111 0.395556 0.128889 0.097778
11 0.773333 0.640000 0.222222 0.115556
11 0.815556 0.531111 0.102222 0.146667
11 0.844444 0.500000 0.080000 0.075556
11 0.900000 0.473333 0.084444 0.128889
11 0.828889 0.746667 0.120000 0.080000
11 0.753333 0.806667 0.093333 0.102222
11 0.617778 0.755556 0.115556 0.142222
11 0.502222 0.773333 0.151111 0.133333
11 0.615556 0.864444 0.137778 0.093333
11 0.477778 0.873333 0.137778 0.057778
11 0.373333 0.695556 0.186667 0.111111
11 0.344444 0.864444 0.146667 0.102222
11 0.337778 0.777778 0.124444 0.106667
11 0.193333 0.720000 0.191111 0.106667
11 0.115556 0.573333 0.080000 0.151111
11 0.160000 0.502222 0.106667 0.133333
11 0.275556 0.560000 0.133333 0.071111
11 0.248889 0.624444 0.097778 0.111111
11 0.353333 0.468889 0.066667 0.164444
11 0.233333 0.466667 0.128889 0.151111
11 0.244444 0.415556 0.071111 0.093333
11 0.244444 0.326667 0.088889 0.120000
11 0.322222 0.288889 0.075556 0.133333
11 0.237778 0.251111 0.120000 0.084444
11 0.280000 0.193333 0.133333 0.084444
11 0.368889 0.220000 0.133333 0.075556
11 0.435556 0.133333 0.115556 0.080000
11 0.366667 0.151111 0.111111 0.053333
11 0.513333 0.164444 0.173333 0.088889
11 0.602222 0.206667 0.208889 0.111111
11 0.764444 0.226667 0.133333 0.071111
11 0.755556 0.300000 0.097778 0.075556
11 0.822222 0.386667 0.071111 0.115556
11 0.688889 0.773333 0.044444 0.088889
