11 0.907186 0.341060 0.155689 0.483444
11 0.791916 0.201987 0.284431 0.364238
11 0.712575 0.738411 0.227545 0.509934
11 0.432635 0.350993 0.074850 0.238411
11 0.260479 0.642384 0.053892 0.211921
11 0.133234 0.350993 0.086826 0.132450
11 0.047904 0.605960 0.047904 0.125828
11 0.028443 0.682119 0.050898 0.145695
11 0.273952 0.917219 0.104790 0.112583
11 0.297904 0.864238 0.068862 0.086093
11 0.113772 0.692053 0.101796 0.099338
11 0.357784 0.059603 0.116766 0.105960
11 0.255988 0.301325 0.074850 0.125828
11 0.049401 0.331126 0.086826 0.105960
11 0.050898 0.440397 0.095808 0.099338
11 0.369760 0.182119 0.038922 0.152318
11 0.470060 0.589404 0.089820 0.119205
