11 0.315299 0.720745 0.108209 0.122340
11 0.218284 0.747340 0.115672 0.069149
11 0.513060 0.468085 0.115672 0.095745
11 0.277985 0.111702 0.063433 0.159574
11 0.207090 0.377660 0.108209 0.106383
11 0.087687 0.523936 0.063433 0.132979
11 0.289179 0.476064 0.115672 0.101064
11 0.744403 0.228723 0.070896 0.191489
11 0.639925 0.795213 0.100746 0.101064
11 0.533582 0.739362 0.074627 0.159574
11 0.442164 0.853723 0.085821 0.175532
11 0.723881 0.444149 0.082090 0.143617
11 0.694030 0.321809 0.074627 0.164894
11 0.921642 0.529255 0.089552 0.090426
11 0.884328 0.856383 0.089552 0.212766
