11 0.662371 0.453668 0.180412 0.073359
11 0.500000 0.555985 0.144330 0.054054
11 0.368557 0.725869 0.159794 0.092664
11 0.139175 0.720077 0.103093 0.166023
11 0.206186 0.554054 0.103093 0.088803
11 0.239691 0.453668 0.149485 0.096525
11 0.363402 0.428571 0.077320 0.061776
11 0.432990 0.449807 0.113402 0.057915
11 0.301546 0.546332 0.118557 0.065637
11 0.314433 0.621622 0.113402 0.077220
11 0.306701 0.671815 0.170103 0.054054
11 0.432990 0.594595 0.144330 0.061776
11 0.670103 0.581081 0.103093 0.096525
11 0.711340 0.669884 0.164948 0.057915
11 0.657216 0.727799 0.170103 0.057915
11 0.564433 0.648649 0.077320 0.115830
