11 0.538869 0.814607 0.144876 0.292135
11 0.309187 0.842697 0.116608 0.123596
11 0.452297 0.623596 0.098940 0.213483
11 0.763251 0.901685 0.084806 0.196629
11 0.607774 0.134831 0.084806 0.168539
11 0.464664 0.426966 0.095406 0.146067
11 0.197880 0.244382 0.098940 0.151685
11 0.141343 0.250000 0.077739 0.140449
11 0.056537 0.575843 0.063604 0.174157
11 0.212014 0.907303 0.120141 0.129213
11 0.303887 0.213483 0.091873 0.101124
11 0.390459 0.786517 0.045936 0.134831
11 0.646643 0.938202 0.141343 0.123596
