11 0.111667 0.681548 0.130000 0.386905
11 0.235000 0.761905 0.143333 0.166667
11 0.381667 0.779762 0.150000 0.142857
11 0.448333 0.404762 0.170000 0.202381
11 0.633333 0.494048 0.200000 0.178571
11 0.465000 0.532738 0.090000 0.196429
11 0.290000 0.622024 0.133333 0.160714
11 0.056667 0.250000 0.106667 0.297619
11 0.150000 0.154762 0.120000 0.297619
11 0.253333 0.169643 0.120000 0.315476
11 0.426667 0.211310 0.180000 0.196429
11 0.613333 0.309524 0.160000 0.250000
11 0.556667 0.684524 0.093333 0.190476
11 0.516667 0.857143 0.100000 0.285714
11 0.811667 0.372024 0.103333 0.339286
11 0.905000 0.684524 0.116667 0.261905
11 0.900000 0.434524 0.100000 0.261905
11 0.838333 0.169643 0.103333 0.279762
11 0.533333 0.119048 0.080000 0.226190
11 0.225000 0.372024 0.150000 0.208333
11 0.330000 0.479167 0.093333 0.208333
