11 0.494208 0.190722 0.185328 0.247423
11 0.090734 0.386598 0.135135 0.257732
11 0.243243 0.479381 0.100386 0.195876
11 0.575290 0.652062 0.262548 0.345361
11 0.735521 0.907216 0.189189 0.185567
11 0.888031 0.729381 0.123552 0.149485
11 0.378378 0.685567 0.131274 0.103093
11 0.409266 0.572165 0.123552 0.154639
11 0.492278 0.726804 0.142857 0.175258
11 0.376448 0.780928 0.104247 0.118557
11 0.316602 0.144330 0.115830 0.134021
11 0.254826 0.208763 0.108108 0.108247
11 0.227799 0.095361 0.115830 0.087629
11 0.637066 0.360825 0.123552 0.134021
11 0.277992 0.273196 0.123552 0.051546
11 0.102317 0.548969 0.150579 0.097938
11 0.227799 0.644330 0.077220 0.134021
