11 0.645161 0.325967 0.143369 0.088398
11 0.525090 0.560773 0.161290 0.071823
11 0.134409 0.701657 0.075269 0.187845
11 0.173835 0.118785 0.103943 0.182320
11 0.845878 0.350829 0.114695 0.182320
11 0.827957 0.767956 0.114695 0.121547
11 0.770609 0.906077 0.193548 0.088398
11 0.543011 0.889503 0.168459 0.077348
11 0.553763 0.715470 0.154122 0.093923
11 0.275986 0.875691 0.093190 0.204420
11 0.324373 0.616022 0.118280 0.160221
11 0.335125 0.411602 0.161290 0.116022
11 0.385305 0.127072 0.146953 0.088398
11 0.609319 0.052486 0.164875 0.082873
11 0.620072 0.127072 0.150538 0.066298
11 0.786738 0.135359 0.132616 0.127072
11 0.718638 0.541436 0.096774 0.198895
11 0.655914 0.674033 0.164875 0.088398
11 0.405018 0.707182 0.143369 0.088398
11 0.068100 0.245856 0.071685 0.171271
11 0.066308 0.604972 0.053763 0.193370
11 0.476703 0.461326 0.136201 0.127072
11 0.456989 0.290055 0.089606 0.160221
11 0.571685 0.262431 0.161290 0.082873
