11 0.544393 0.559574 0.098131 0.106383
11 0.434579 0.582979 0.121495 0.085106
11 0.350467 0.625532 0.084112 0.110638
11 0.443925 0.312766 0.074766 0.097872
11 0.427570 0.425532 0.060748 0.119149
11 0.296729 0.538298 0.060748 0.123404
11 0.184579 0.338298 0.126168 0.055319
11 0.084112 0.514894 0.046729 0.102128
11 0.074766 0.674468 0.102804 0.055319
11 0.827103 0.521277 0.074766 0.080851
11 0.796729 0.651064 0.070093 0.093617
11 0.906542 0.648936 0.102804 0.072340
11 0.441589 0.653191 0.107477 0.072340
11 0.591121 0.612766 0.088785 0.076596
11 0.724299 0.408511 0.046729 0.068085
