11 0.878866 0.353846 0.149485 0.207692
11 0.863402 0.253846 0.262887 0.207692
11 0.613402 0.278846 0.226804 0.126923
11 0.706186 0.563462 0.103093 0.173077
11 0.855670 0.725000 0.092784 0.165385
11 0.752577 0.778846 0.134021 0.226923
11 0.835052 0.936538 0.113402 0.126923
11 0.587629 0.648077 0.113402 0.196154
11 0.391753 0.619231 0.268041 0.169231
11 0.280928 0.811538 0.262887 0.200000
11 0.144330 0.926923 0.134021 0.146154
11 0.100515 0.498077 0.149485 0.211538
11 0.219072 0.478846 0.118557 0.173077
11 0.239691 0.198077 0.128866 0.165385
11 0.221649 0.073077 0.226804 0.115385
11 0.827320 0.092308 0.180412 0.130769
11 0.590206 0.044231 0.149485 0.080769
