11 0.490347 0.322165 0.108108 0.242268
11 0.895753 0.201031 0.208494 0.154639
11 0.629344 0.461340 0.100386 0.242268
11 0.644788 0.747423 0.100386 0.144330
11 0.750965 0.721649 0.150579 0.154639
11 0.631274 0.858247 0.142857 0.170103
11 0.532819 0.742268 0.131274 0.123711
11 0.376448 0.801546 0.142857 0.118557
11 0.158301 0.675258 0.115830 0.309278
11 0.258687 0.280928 0.092664 0.283505
11 0.384170 0.427835 0.173745 0.123711
11 0.888031 0.615979 0.146718 0.097938
11 0.428571 0.912371 0.185328 0.144330
11 0.090734 0.904639 0.104247 0.190722
11 0.333977 0.659794 0.104247 0.185567
