11 0.557778 0.420000 0.120000 0.146667
11 0.746667 0.237778 0.124444 0.120000
11 0.737778 0.366667 0.142222 0.111111
11 0.588889 0.235556 0.200000 0.088889
11 0.257778 0.417778 0.062222 0.133333
11 0.397778 0.406667 0.075556 0.120000
11 0.337778 0.528889 0.151111 0.080000
11 0.548889 0.708889 0.137778 0.075556
11 0.657778 0.568889 0.151111 0.080000
11 0.737778 0.486667 0.106667 0.093333
11 0.208889 0.677778 0.088889 0.102222
11 0.168889 0.746667 0.053333 0.168889
11 0.417778 0.786667 0.168889 0.088889
11 0.317778 0.848889 0.111111 0.080000
11 0.708889 0.820000 0.146667 0.111111
11 0.857778 0.200000 0.088889 0.062222
11 0.188889 0.235556 0.102222 0.080000
11 0.388889 0.168889 0.128889 0.080000
11 0.513333 0.548889 0.048889 0.137778
11 0.797778 0.602222 0.120000 0.102222
