11 0.517375 0.376289 0.092664 0.206186
11 0.608108 0.417526 0.119691 0.195876
11 0.679537 0.231959 0.069498 0.185567
11 0.766409 0.247423 0.096525 0.103093
11 0.621622 0.061856 0.154440 0.103093
11 0.295367 0.224227 0.135135 0.170103
11 0.050193 0.664948 0.084942 0.216495
11 0.407336 0.417526 0.065637 0.226804
11 0.513514 0.554124 0.084942 0.190722
11 0.615830 0.675258 0.081081 0.247423
11 0.654440 0.827320 0.127413 0.097938
11 0.332046 0.788660 0.131274 0.154639
11 0.227799 0.512887 0.108108 0.211340
11 0.777992 0.425258 0.073359 0.190722
11 0.723938 0.474227 0.057915 0.164948
11 0.888031 0.505155 0.054054 0.237113
11 0.866795 0.706186 0.142857 0.206186
11 0.490347 0.845361 0.185328 0.123711
11 0.094595 0.819588 0.104247 0.175258
