15 0.075431 0.211982 0.133621 0.193548
15 0.267241 0.221198 0.094828 0.221198
15 0.465517 0.214286 0.241379 0.142857
15 0.653017 0.214286 0.116379 0.198157
15 0.842672 0.200461 0.211207 0.188940
15 0.150862 0.428571 0.293103 0.175115
15 0.390086 0.435484 0.133621 0.225806
15 0.581897 0.410138 0.198276 0.202765
15 0.823276 0.428571 0.172414 0.221198
15 0.051724 0.797235 0.094828 0.313364
15 0.353448 0.824885 0.163793 0.276498
15 0.661638 0.847926 0.185345 0.285714
15 0.907328 0.843318 0.176724 0.313364
