8 0.498182 0.650273 0.087273 0.262295
8 0.603636 0.833333 0.116364 0.224044
8 0.763636 0.713115 0.196364 0.169399
8 0.930909 0.344262 0.101818 0.251366
8 0.412727 0.295082 0.083636 0.196721
8 0.198182 0.546448 0.141818 0.207650
8 0.096364 0.491803 0.149091 0.163934
8 0.201818 0.874317 0.105455 0.251366
8 0.058182 0.286885 0.109091 0.092896
8 0.176364 0.142077 0.178182 0.120219
8 0.196364 0.224044 0.160000 0.098361
8 0.343636 0.251366 0.127273 0.120219
8 0.503636 0.202186 0.141818 0.153005
8 0.800000 0.174863 0.130909 0.076503
8 0.758182 0.297814 0.156364 0.114754
8 0.629091 0.415301 0.116364 0.142077
8 0.329091 0.535519 0.178182 0.131148
8 0.372727 0.696721 0.098182 0.180328
8 0.294545 0.825137 0.123636 0.142077
8 0.434545 0.855191 0.069091 0.169399
8 0.110909 0.765027 0.061818 0.153005
