8 0.634545 0.401639 0.134545 0.278689
8 0.485455 0.426230 0.163636 0.469945
8 0.503636 0.751366 0.156364 0.256831
8 0.289091 0.672131 0.069091 0.218579
8 0.165455 0.726776 0.134545 0.338798
8 0.081818 0.642077 0.112727 0.344262
8 0.158182 0.278689 0.090909 0.284153
8 0.283636 0.377049 0.240000 0.349727
8 0.065455 0.259563 0.123636 0.355191
8 0.369091 0.153005 0.105455 0.295082
8 0.861818 0.349727 0.080000 0.273224
8 0.805455 0.393443 0.076364 0.262295
8 0.305455 0.907104 0.152727 0.174863
8 0.321818 0.442623 0.069091 0.196721
8 0.443636 0.172131 0.152727 0.333333
8 0.536364 0.120219 0.083636 0.229508
