8 0.752896 0.634021 0.154440 0.103093
8 0.494208 0.768041 0.100386 0.216495
8 0.202703 0.809278 0.081081 0.164948
8 0.768340 0.311856 0.100386 0.118557
8 0.160232 0.809278 0.096525 0.113402
8 0.096525 0.860825 0.092664 0.123711
8 0.061776 0.953608 0.115830 0.061856
8 0.059846 0.603093 0.104247 0.072165
8 0.283784 0.412371 0.111969 0.113402
8 0.611969 0.291237 0.073359 0.139175
8 0.239382 0.164948 0.123552 0.061856
8 0.061776 0.335052 0.077220 0.092784
8 0.768340 0.157216 0.146718 0.077320
8 0.787645 0.814433 0.054054 0.123711
8 0.642857 0.698454 0.088803 0.097938
8 0.335907 0.234536 0.131274 0.056701
8 0.928571 0.358247 0.119691 0.087629
