8 0.307273 0.251366 0.200000 0.349727
8 0.403636 0.453552 0.232727 0.371585
8 0.078182 0.423497 0.141818 0.551913
8 0.203636 0.557377 0.218182 0.382514
8 0.438182 0.636612 0.141818 0.464481
8 0.614545 0.620219 0.138182 0.322404
8 0.670909 0.502732 0.272727 0.360656
8 0.850909 0.524590 0.240000 0.382514
8 0.970909 0.524590 0.058182 0.404372
8 0.614545 0.852459 0.116364 0.163934
8 0.670909 0.122951 0.112727 0.234973
8 0.567273 0.103825 0.109091 0.196721
8 0.763636 0.185792 0.116364 0.229508
8 0.487273 0.191257 0.189091 0.109290
