8 0.500000 0.220745 0.223881 0.271277
8 0.143657 0.098404 0.197761 0.186170
8 0.302239 0.534574 0.141791 0.101064
8 0.192164 0.359043 0.160448 0.132979
8 0.121269 0.242021 0.138060 0.143617
8 0.373134 0.207447 0.194030 0.106383
8 0.444030 0.380319 0.186567 0.122340
8 0.675373 0.321809 0.186567 0.101064
8 0.477612 0.513298 0.111940 0.154255
8 0.597015 0.547872 0.097015 0.180851
8 0.878731 0.813830 0.220149 0.170213
8 0.541045 0.773936 0.141791 0.196809
8 0.382463 0.656915 0.138060 0.101064
8 0.104478 0.502660 0.097015 0.090426
8 0.195896 0.656915 0.108209 0.122340
8 0.110075 0.843085 0.182836 0.111702
8 0.425373 0.760638 0.104478 0.106383
