8 0.784153 0.576364 0.202186 0.272727
8 0.642077 0.540000 0.202186 0.185455
8 0.322404 0.594545 0.262295 0.330909
8 0.204918 0.547273 0.224044 0.301818
8 0.256831 0.254545 0.174863 0.247273
8 0.483607 0.203636 0.147541 0.189091
8 0.562842 0.454545 0.295082 0.225455
8 0.953552 0.341818 0.092896 0.181818
8 0.893443 0.696364 0.125683 0.178182
8 0.530055 0.838182 0.098361 0.149091
8 0.445355 0.843636 0.081967 0.138182
8 0.448087 0.945455 0.174863 0.109091
8 0.207650 0.941818 0.153005 0.116364
8 0.901639 0.850909 0.196721 0.072727
8 0.732240 0.181818 0.131148 0.232727
8 0.071038 0.076364 0.131148 0.138182
8 0.150273 0.383636 0.136612 0.090909
