23 0.651292 0.639785 0.136531 0.204301
23 0.354244 0.497312 0.103321 0.155914
23 0.529520 0.543011 0.143911 0.129032
23 0.876384 0.456989 0.114391 0.161290
23 0.708487 0.801075 0.132841 0.182796
23 0.376384 0.717742 0.140221 0.220430
23 0.439114 0.438172 0.125461 0.155914
23 0.057196 0.440860 0.107011 0.172043
23 0.094096 0.344086 0.070111 0.172043
23 0.352399 0.137097 0.121771 0.123656
23 0.274908 0.322581 0.092251 0.193548
23 0.140221 0.532258 0.059041 0.172043
23 0.236162 0.795699 0.110701 0.086022
23 0.284133 0.908602 0.110701 0.182796
23 0.863469 0.798387 0.103321 0.155914
