22 0.425182 0.470109 0.222628 0.179348
22 0.270073 0.239130 0.109489 0.260870
22 0.182482 0.298913 0.160584 0.293478
22 0.421533 0.130435 0.127737 0.250000
22 0.414234 0.747283 0.171533 0.266304
22 0.315693 0.736413 0.127737 0.288043
22 0.660584 0.500000 0.204380 0.282609
22 0.125912 0.741848 0.135036 0.277174
22 0.684307 0.187500 0.186131 0.255435
22 0.594891 0.095109 0.167883 0.179348
22 0.906934 0.301630 0.186131 0.233696
22 0.822993 0.092391 0.178832 0.173913
22 0.908759 0.605978 0.182482 0.222826
22 0.742701 0.747283 0.171533 0.288043
22 0.925182 0.921196 0.149635 0.146739
