1 0.671111 0.462222 0.115556 0.106667
1 0.606667 0.542222 0.120000 0.088889
1 0.493333 0.484444 0.160000 0.088889
1 0.413333 0.426667 0.133333 0.088889
1 0.342222 0.366667 0.133333 0.084444
1 0.451111 0.328889 0.137778 0.080000
1 0.542222 0.235556 0.124444 0.124444
1 0.393333 0.246667 0.146667 0.093333
1 0.266667 0.277778 0.133333 0.093333
1 0.231111 0.395556 0.133333 0.088889
1 0.228889 0.560000 0.102222 0.133333
1 0.357778 0.573333 0.137778 0.097778
1 0.322222 0.713333 0.111111 0.111111
1 0.437778 0.740000 0.084444 0.137778
1 0.517778 0.751111 0.075556 0.133333
1 0.593333 0.773333 0.093333 0.142222
1 0.568889 0.644444 0.088889 0.133333
1 0.371111 0.806667 0.137778 0.102222
1 0.244444 0.693333 0.106667 0.133333
1 0.155556 0.577778 0.071111 0.124444
1 0.655556 0.624444 0.084444 0.128889
1 0.717778 0.706667 0.111111 0.133333
1 0.800000 0.468889 0.133333 0.084444
1 0.635556 0.182222 0.115556 0.097778
1 0.822222 0.537778 0.106667 0.080000
