11 0.445946 0.304124 0.119691 0.154639
11 0.710425 0.335052 0.162162 0.113402
11 0.756757 0.574742 0.084942 0.159794
11 0.588803 0.634021 0.158301 0.195876
11 0.405405 0.572165 0.115830 0.082474
11 0.281853 0.590206 0.154440 0.159794
11 0.171815 0.582474 0.073359 0.195876
11 0.142857 0.737113 0.115830 0.113402
11 0.164093 0.414948 0.135135 0.128866
11 0.339768 0.257732 0.084942 0.195876
11 0.486486 0.458763 0.162162 0.082474
11 0.619691 0.842784 0.158301 0.128866
11 0.928571 0.726804 0.142857 0.144330
11 0.967181 0.502577 0.065637 0.211340
11 0.799228 0.162371 0.146718 0.118557
11 0.638996 0.216495 0.166023 0.103093
11 0.241313 0.121134 0.127413 0.108247
11 0.254826 0.237113 0.208494 0.144330
11 0.638996 0.515464 0.127413 0.164948
11 0.287645 0.922680 0.150579 0.154639
11 0.167954 0.902062 0.142857 0.103093
11 0.484556 0.873711 0.119691 0.149485
