11 0.677606 0.134021 0.173745 0.164948
11 0.563707 0.353093 0.154440 0.159794
11 0.793436 0.255155 0.104247 0.252577
11 0.675676 0.530928 0.185328 0.123711
11 0.828185 0.512887 0.166023 0.149485
11 0.451737 0.641753 0.154440 0.139175
11 0.347490 0.592784 0.077220 0.195876
11 0.260618 0.610825 0.150579 0.190722
11 0.094595 0.216495 0.088803 0.268041
11 0.260618 0.216495 0.088803 0.216495
11 0.148649 0.440722 0.127413 0.108247
11 0.361004 0.432990 0.166023 0.175258
11 0.370656 0.118557 0.177606 0.103093
11 0.509653 0.239691 0.115830 0.108247
11 0.652510 0.634021 0.131274 0.144330
11 0.747104 0.682990 0.088803 0.211340
11 0.548263 0.520619 0.169884 0.175258
11 0.494208 0.819588 0.138996 0.123711
11 0.196911 0.819588 0.162162 0.164948
11 0.067568 0.667526 0.111969 0.139175
11 0.532819 0.134021 0.131274 0.113402
