11 0.672680 0.577220 0.231959 0.119691
11 0.502577 0.700772 0.149485 0.158301
11 0.373711 0.816602 0.262887 0.119691
11 0.190722 0.891892 0.154639 0.185328
11 0.224227 0.540541 0.211340 0.123552
11 0.404639 0.478764 0.149485 0.162162
11 0.100515 0.729730 0.159794 0.162162
11 0.427835 0.140927 0.154639 0.073359
11 0.559278 0.200772 0.097938 0.154440
11 0.623711 0.306950 0.175258 0.104247
11 0.221649 0.364865 0.195876 0.081081
11 0.894330 0.171815 0.128866 0.166023
11 0.698454 0.119691 0.149485 0.146718
11 0.827320 0.397683 0.149485 0.177606
11 0.729381 0.469112 0.190722 0.127413
11 0.538660 0.478764 0.190722 0.131274
11 0.822165 0.660232 0.139175 0.154440
11 0.770619 0.845560 0.221649 0.146718
11 0.600515 0.826255 0.180412 0.123552
11 0.172680 0.196911 0.118557 0.146718
11 0.288660 0.158301 0.123711 0.169884
