11 0.615556 0.168889 0.235556 0.106667
11 0.371111 0.388889 0.111111 0.164444
11 0.580000 0.397778 0.128889 0.164444
11 0.784444 0.331111 0.155556 0.155556
11 0.942222 0.142222 0.115556 0.071111
11 0.800000 0.486667 0.115556 0.120000
11 0.686667 0.584444 0.173333 0.102222
11 0.515556 0.560000 0.080000 0.186667
11 0.600000 0.702222 0.124444 0.133333
11 0.724444 0.751111 0.160000 0.071111
11 0.406667 0.846667 0.200000 0.093333
11 0.275556 0.931111 0.142222 0.084444
11 0.304444 0.540000 0.173333 0.093333
11 0.202222 0.400000 0.084444 0.186667
11 0.113333 0.180000 0.146667 0.102222
11 0.080000 0.104444 0.142222 0.057778
11 0.364444 0.093333 0.186667 0.097778
11 0.755556 0.904444 0.186667 0.164444
