11 0.601562 0.241117 0.109375 0.177665
11 0.361328 0.680203 0.199219 0.233503
11 0.820312 0.406091 0.125000 0.182741
11 0.748047 0.512690 0.136719 0.192893
11 0.779297 0.789340 0.144531 0.157360
11 0.712891 0.784264 0.105469 0.106599
11 0.554688 0.873096 0.093750 0.192893
11 0.462891 0.395939 0.113281 0.213198
11 0.367188 0.152284 0.164062 0.203046
11 0.216797 0.233503 0.183594 0.101523
11 0.152344 0.446701 0.140625 0.223350
11 0.349609 0.360406 0.160156 0.131980
11 0.896484 0.695431 0.121094 0.213198
