11 0.421154 0.608808 0.150000 0.274611
11 0.671154 0.401554 0.226923 0.150259
11 0.919231 0.515544 0.100000 0.295337
11 0.326923 0.178756 0.092308 0.212435
11 0.207692 0.411917 0.253846 0.098446
11 0.205769 0.500000 0.165385 0.119171
11 0.111538 0.564767 0.115385 0.176166
11 0.396154 0.401554 0.123077 0.129534
11 0.084615 0.204663 0.100000 0.202073
11 0.540385 0.259067 0.103846 0.207254
11 0.403846 0.847150 0.153846 0.139896
11 0.721154 0.668394 0.080769 0.217617
11 0.603846 0.813472 0.076923 0.176166
11 0.838462 0.753886 0.100000 0.191710
