11 0.777992 0.396907 0.111969 0.144330
11 0.789575 0.675258 0.127413 0.154639
11 0.598456 0.389175 0.084942 0.159794
11 0.586873 0.221649 0.100386 0.123711
11 0.722008 0.108247 0.115830 0.134021
11 0.548263 0.443299 0.115830 0.134021
11 0.312741 0.564433 0.162162 0.118557
11 0.272201 0.783505 0.081081 0.113402
11 0.646718 0.618557 0.135135 0.092784
11 0.610039 0.701031 0.100386 0.082474
11 0.841699 0.337629 0.108108 0.097938
11 0.335907 0.394330 0.077220 0.139175
11 0.266409 0.474227 0.100386 0.123711
