8 0.626904 0.468750 0.218274 0.117188
8 0.657360 0.691406 0.157360 0.203125
8 0.467005 0.751953 0.233503 0.074219
8 0.266497 0.757812 0.218274 0.078125
8 0.281726 0.613281 0.238579 0.109375
8 0.477157 0.462891 0.162437 0.121094
8 0.738579 0.367188 0.167513 0.117188
8 0.581218 0.351562 0.126904 0.148438
8 0.324873 0.289062 0.131980 0.148438
8 0.223350 0.337891 0.131980 0.152344
8 0.416244 0.132812 0.111675 0.148438
8 0.571066 0.195312 0.167513 0.078125
8 0.761421 0.287109 0.152284 0.066406
8 0.814721 0.466797 0.177665 0.113281
