8 0.781768 0.381720 0.204420 0.118280
8 0.649171 0.478495 0.237569 0.111111
8 0.494475 0.487455 0.237569 0.129032
8 0.256906 0.616487 0.292818 0.107527
8 0.254144 0.754480 0.309392 0.082437
8 0.314917 0.308244 0.154696 0.129032
8 0.185083 0.344086 0.149171 0.150538
8 0.787293 0.299283 0.193370 0.060932
8 0.685083 0.698925 0.187845 0.186380
8 0.582873 0.639785 0.171271 0.161290
8 0.453039 0.290323 0.132597 0.150538
8 0.897790 0.575269 0.149171 0.082437
8 0.831492 0.704301 0.104972 0.189964
8 0.914365 0.718638 0.116022 0.154122
8 0.693370 0.887097 0.370166 0.118280
8 0.171271 0.903226 0.331492 0.086022
8 0.425414 0.842294 0.176796 0.143369
