8 0.520000 0.472678 0.101818 0.322404
8 0.560000 0.765027 0.160000 0.338798
8 0.434545 0.631148 0.083636 0.333333
8 0.640000 0.480874 0.101818 0.262295
8 0.418182 0.349727 0.087273 0.349727
8 0.181818 0.204918 0.080000 0.245902
8 0.098182 0.229508 0.087273 0.163934
8 0.032727 0.371585 0.058182 0.185792
8 0.498182 0.245902 0.138182 0.262295
8 0.812727 0.557377 0.069091 0.338798
8 0.316364 0.617486 0.065455 0.120219
8 0.270909 0.453552 0.054545 0.163934
8 0.323636 0.480874 0.050909 0.131148
8 0.076364 0.803279 0.109091 0.273224
8 0.258182 0.306011 0.050909 0.142077
8 0.283636 0.213115 0.138182 0.131148
8 0.363636 0.221311 0.065455 0.147541
8 0.356364 0.352459 0.043636 0.136612
8 0.654545 0.204918 0.058182 0.114754
8 0.609091 0.240437 0.054545 0.163934
8 0.696364 0.341530 0.061818 0.125683
