8 0.403636 0.617486 0.109091 0.229508
8 0.481818 0.819672 0.120000 0.229508
8 0.369091 0.833333 0.127273 0.267760
8 0.160000 0.715847 0.174545 0.349727
8 0.294545 0.655738 0.145455 0.251366
8 0.201818 0.524590 0.149091 0.174863
8 0.767273 0.557377 0.138182 0.262295
8 0.849091 0.655738 0.120000 0.306011
8 0.607273 0.322404 0.130909 0.229508
8 0.729091 0.322404 0.207273 0.196721
8 0.207273 0.418033 0.130909 0.125683
8 0.181818 0.240437 0.116364 0.196721
8 0.460000 0.232240 0.112727 0.202186
8 0.098182 0.254098 0.072727 0.158470
8 0.200000 0.073770 0.087273 0.136612
8 0.400000 0.095628 0.072727 0.180328
8 0.312727 0.073770 0.087273 0.136612
8 0.638182 0.101093 0.090909 0.191257
