8 0.609091 0.407104 0.229091 0.311475
8 0.418182 0.306011 0.160000 0.360656
8 0.238182 0.644809 0.221818 0.153005
8 0.290909 0.786885 0.196364 0.153005
8 0.089091 0.844262 0.112727 0.311475
8 0.649091 0.745902 0.098182 0.202186
8 0.881818 0.663934 0.236364 0.169399
8 0.801818 0.516393 0.221818 0.103825
8 0.247273 0.147541 0.101818 0.284153
8 0.343636 0.177596 0.090909 0.234973
8 0.369091 0.573770 0.236364 0.109290
8 0.758182 0.237705 0.134545 0.169399
8 0.703636 0.120219 0.178182 0.163934
8 0.887273 0.459016 0.101818 0.174863
