8 0.583636 0.300546 0.054545 0.142077
8 0.376364 0.322404 0.069091 0.196721
8 0.281818 0.502732 0.098182 0.153005
8 0.776364 0.426230 0.083636 0.054645
8 0.781818 0.191257 0.065455 0.153005
8 0.734545 0.284153 0.036364 0.185792
8 0.654545 0.721311 0.087273 0.109290
8 0.341818 0.702186 0.123636 0.081967
8 0.381818 0.546448 0.130909 0.098361
8 0.249091 0.387978 0.047273 0.131148
8 0.172727 0.393443 0.054545 0.098361
8 0.358182 0.109290 0.127273 0.076503
8 0.521818 0.092896 0.112727 0.065574
8 0.758182 0.655738 0.054545 0.131148
8 0.472727 0.748634 0.094545 0.131148
8 0.321818 0.803279 0.047273 0.109290
8 0.300000 0.308743 0.083636 0.136612
8 0.470909 0.207650 0.090909 0.087432
8 0.667273 0.390710 0.040000 0.125683
8 0.700000 0.494536 0.061818 0.136612
8 0.861818 0.786885 0.058182 0.131148
8 0.700000 0.950820 0.134545 0.087432
