8 0.371486 0.349010 0.124498 0.430693
8 0.714859 0.480198 0.176707 0.277228
8 0.554217 0.183168 0.128514 0.356436
8 0.469880 0.277228 0.096386 0.237624
8 0.457831 0.500000 0.216867 0.247525
8 0.664659 0.118812 0.100402 0.207921
8 0.755020 0.160891 0.096386 0.311881
8 0.835341 0.116337 0.096386 0.222772
8 0.941767 0.250000 0.108434 0.311881
8 0.767068 0.774752 0.265060 0.252475
8 0.289157 0.551980 0.096386 0.232673
8 0.238956 0.425743 0.092369 0.188119
8 0.174699 0.495050 0.068273 0.188119
8 0.098394 0.524752 0.188755 0.326733
8 0.100402 0.254950 0.192771 0.212871
8 0.246988 0.232673 0.172691 0.267327
8 0.174699 0.091584 0.180723 0.163366
8 0.170683 0.811881 0.180723 0.207921
8 0.606426 0.334158 0.168675 0.143564
