8 0.483636 0.439891 0.269091 0.234973
8 0.414545 0.527322 0.225455 0.267760
8 0.241818 0.316940 0.156364 0.491803
8 0.229091 0.737705 0.283636 0.459016
8 0.463636 0.770492 0.200000 0.426230
8 0.585455 0.428962 0.152727 0.278689
8 0.403636 0.193989 0.232727 0.213115
8 0.603636 0.240437 0.203636 0.131148
8 0.690909 0.437158 0.167273 0.284153
8 0.787273 0.691257 0.221818 0.234973
8 0.752727 0.767760 0.218182 0.278689
8 0.794545 0.923497 0.149091 0.153005
8 0.930909 0.715847 0.138182 0.262295
8 0.816364 0.573770 0.112727 0.163934
8 0.812727 0.336066 0.163636 0.158470
8 0.934545 0.461749 0.130909 0.125683
8 0.769091 0.221311 0.105455 0.147541
8 0.743636 0.081967 0.098182 0.153005
8 0.665455 0.139344 0.080000 0.202186
8 0.570909 0.098361 0.109091 0.185792
8 0.878182 0.136612 0.083636 0.229508
8 0.114545 0.060109 0.192727 0.109290
8 0.081818 0.122951 0.156364 0.125683
