8 0.466071 0.411111 0.132143 0.133333
8 0.607143 0.283333 0.078571 0.255556
8 0.748214 0.319444 0.089286 0.183333
8 0.708929 0.430556 0.117857 0.105556
8 0.378571 0.272222 0.078571 0.222222
8 0.325000 0.461111 0.085714 0.300000
8 0.383929 0.469444 0.053571 0.183333
8 0.357143 0.644444 0.107143 0.166667
8 0.185714 0.244444 0.128571 0.144444
8 0.257143 0.147222 0.164286 0.127778
8 0.410714 0.077778 0.128571 0.144444
8 0.667857 0.105556 0.171429 0.100000
8 0.764286 0.205556 0.057143 0.133333
8 0.612500 0.636111 0.139286 0.116667
8 0.750000 0.725000 0.178571 0.083333
8 0.864286 0.386111 0.128571 0.205556
8 0.850000 0.205556 0.092857 0.122222
